875397
370618
904383
271115
632022
689069
730693
781520
384201
56940
66798
373503
589270
342075
768002
157590
954018
883528
979716
219307
746749
630094
161311
947703
695471
995416
913593
837843
378398
641515
630516
180377
94512
247414
594849
653704
127854
344851
574227
653181
646762
709630
740151
877350
842776
354594
237536
616908
29205
77503
823643
143476
41367
160072
873578
183993
852607
452353
717592
42095
993637
705391
114057
253645
75023
632148
734113
126027
55106
867534
313695
792155
941882
821151
340860
156436
34179
228306
745430
935787
693489
236045
984259
133917
78514
358300
280437
162335
641577
54031
256463
149874
151003
430847
547863
918491
291565
54300
986391
559922
