124604
629383
95618
728886
367979
310932
269308
218481
615800
943061
933203
626498
410731
657926
231999
842411
45983
116473
20285
780694
253252
369907
838690
52298
304530
4585
86408
162158
621603
358486
369485
819624
905489
752587
405152
346297
872147
655150
425774
346820
353239
290371
259850
122651
157225
645407
762465
383093
970796
922498
176358
856525
958634
839929
126423
816008
147394
547648
282409
957906
6364
294610
885944
746356
924978
367853
265888
873974
944895
132467
686306
207846
58119
178850
659141
843565
965822
771695
254571
64214
306512
763956
15742
866084
921487
641701
719564
837666
358424
945970
743538
850127
848998
569154
452138
81510
708436
945701
13610
440079
