35
11
40
21
24
34
1
49
31
37
36
38
19
18
17
25
14
22
20
29
48
4
16
23
27
2
47
9
8
32
13
30
42
10
50
3
51
7
41
52
323
289
130
265
99
60
295
258
332
122
173
301
336
82
107
156
327
255
120
304
282
307
204
253
159
319
123
227
224
212
112
144
291
239
331
207
283
98
133
195
233
137
69
326
309
102
249
68
231
216
264
269
292
306
70
79
208
229
148
286
335
109
272
226
320
174
322
192
198
92
287
284
149
145
271
297
91
183
162
333
261
147
184
275
236
101
240
116
176
65
188
254
80
191
202
189
294
237
279
121
161
108
157
256
330
217
209
273
266
312
94
168
87
243
299
136
262
193
248
81
73
88
325
302
316
100
213
154
181
62
67
138
259
172
276
288
180
190
187
315
139
247
197
214
97
134
178
106
267
143
177
141
238
55
63
119
280
334
115
169
182
337
257
72
201
160
164
290
95
152
132
163
56
210
311
203
305
186
215
219
338
165
218
64
84
278
293
105
158
308
89
329
76
58
274
232
220
140
211
230
131
93
252
153
71
66
12
86
128
296
246
6
129
90
113
111
126
281
277
324
39
96
250
225
15
125
235
339
416
421
386
399
350
413
370
401
420
369
381
362
387
409
342
351
364
385
341
393
400
377
340
372
396
388
348
345
357
343
378
397
407
418
395
355
402
392
403
352
410
412
358
375
374
382
356
349
394
365
353
380
347
346
406
398
359
371
415
376
391
366
419
344
411
361
368
383
408
44
114
328
263
314
150
241
354
61
170
373
185
205
200
270
142
234
303
298
199
196
321
384
167
228
242
222
417
367
390
285
43
166
75
414
221
110
146
45
74
26
405
59
57
78
300
206
33
53
151
223
124
85
77
244
5
179
175
268
422
766
756
772
792
798
885
863
874
784
909
806
861
882
793
774
827
866
801
803
889
814
812
913
808
842
872
796
791
789
896
804
848
900
776
833
810
870
862
890
786
871
893
826
828
843
840
857
846
852
845
815
859
788
876
918
911
917
860
835
809
851
887
847
868
807
819
832
915
856
805
884
779
891
881
894
778
783
775
850
879
722
711
912
707
520
626
616
678
671
431
457
811
536
762
488
479
821
423
435
526
485
651
522
617
597
527
725
738
794
614
492
465
669
476
661
489
470
864
464
605
472
456
515
491
640
484
758
584
703
693
502
621
561
654
499
551
535
683
436
634
740
438
449
841
433
638
553
790
606
454
615
899
748
694
592
542
468
679
463
524
822
550
518
548
546
513
611
511
439
642
652
650
494
559
505
595
628
590
440
600
430
714
630
486
503
877
516
531
635
902
633
724
624
777
627
461
547
613
705
586
608
589
688
622
437
602
629
665
875
646
677
886
564
897
751
544
560
919
949
984
956
935
961
980
974
951
955
1001
998
992
1006
968
969
1000
977
986
1004
990
940
970
938
946
927
929
971
1007
933
996
1009
1008
931
988
966
925
947
975
973
987
994
999
954
964
993
932
926
991
936
959
924
950
979
920
1005
957
928
972
943
985
944
1003
958
922
473
506
995
575
697
858
736
428
538
585
572
609
853
802
577
962
685
952
948
976
906
1010
643
653
880
601
429
636
593
514
898
657
519
903
576
573
727
442
474
825
691
982
631
507
923
670
475
908
916
459
855
493
637
839
487
552
684
632
817
639
997
720
735
483
883
451
757
787
497
594
588
837
715
978
666
563
495
425
692
453
849
587
869
641
768
549
644
888
963
689
591
460
471
953
612
610
554
528
878
625
655
660
501
571
581
937
831
763
663
967
726
945
656
674
558
478
565
659
455
620
907
673
543
676
448
510
905
934
452
647
649
529
675
582
781
799
716
583
508
509
500
482
892
965
668
562
619
709
1002
426
598
820
556
477
568
780
895
818
443
541
746
797
545
604
836
525
658
570
731
466
930
555
424
904
490
865
504
532
469
690
567
702
458
481
623
686
557
754
910
530
432
496
579
539
761
771
447
749
682
578
713
701
824
989
719
687
854
717
750
755
753
533
747
462
782
737
445
732
981
983
680
434
769
729
939
712
672
645
517
603
829
838
512
427
770
599
704
566
764
800
942
467
873
710
695
662
718
752
730
759
728
743
534
540
834
498
734
816
700
696
813
664
706
760
744
698
721
699
733
667
607
521
830
823
741
523
914
537
901
795
681
941
708
742
745
580
648
723
117
83
310
446
596
118
313
363
441
921
251
104
127
618
54
245
569
960
360
317
773
739
480
574
389
171
318
404
1011
1150
1082
1087
1119
1106
1076
1108
1143
1092
1064
1043
1101
1074
1131
1107
1132
1080
1116
1046
1018
1158
1121
1123
1032
1023
1097
1153
1138
1072
1066
1052
1062
1090
1126
1042
1128
1016
1047
1156
1033
1146
1045
1096
1147
1041
1037
1157
1104
1063
1059
1134
1015
1069
1094
1021
1130
1056
1024
1140
1109
1122
1100
1141
1148
1113
1030
1135
1083
1067
1012
1115
1019
1053
1159
1515
1234
1512
1390
1177
1397
1244
1445
1542
1236
1541
1573
1545
1570
1582
1518
1557
1203
1429
1552
1551
1559
1560
1269
1336
1324
1554
1586
1577
1544
1346
1410
1185
1576
1575
1226
1212
1567
1547
1572
1566
1211
1232
1306
1442
1215
1464
1384
1374
1238
1565
1338
1473
1377
1182
1420
1325
1208
1322
1242
1520
1329
1453
1435
1529
1162
1516
1206
1536
1308
1462
1458
1360
1569
1402
1165
1163
1355
1278
1490
1268
1437
1250
1522
1373
1220
1199
1260
1381
1519
1483
1467
1430
1578
1246
1421
1166
1180
1416
1270
1161
1553
1200
1401
1173
1455
1287
1343
1285
1282
1543
1400
1170
1461
1408
1169
1563
1248
1272
1330
1491
1406
1436
1481
1579
1297
1502
1498
1488
1434
1353
1359
1274
1494
1433
1564
1224
1167
1164
1194
1229
1340
1362
1198
1337
1255
1368
1365
1273
1540
1249
1251
1284
1348
1426
1398
1509
1505
1450
1252
1181
1265
1394
1451
1399
1245
1475
1214
1422
1327
1414
1449
1538
1160
1318
1209
1470
1441
1210
1388
1171
1409
1466
1495
1352
1312
1524
1175
1331
1588
2118
2128
2108
2131
1622
2101
2064
1964
1735
1933
1967
1995
1918
2093
1984
1906
2074
1867
1909
1848
2126
1783
1789
1741
1746
1861
2084
1870
2085
1886
1938
1927
1788
1822
1859
2004
1892
1855
1905
2039
1844
1785
1832
2055
1763
1803
1865
1784
1923
2115
1809
1812
1824
1864
1727
1962
1777
1917
2019
1924
2030
2043
2045
1813
2033
1911
1737
1875
1776
2062
1866
2116
1874
1830
2047
1734
2102
1969
1739
1941
1740
1793
1807
1884
1716
1710
1903
1843
2067
1989
2082
1851
2066
2097
2083
1707
2017
1935
1976
1752
2060
2016
1978
1956
2035
1899
2120
1602
1591
1661
1693
1665
1644
1590
1609
1654
1687
1951
1626
1668
1638
1608
1618
1697
1699
1629
1952
1601
1686
1655
1650
1589
1915
1613
1681
2022
1593
1863
1628
1696
1612
1684
1691
1678
1649
1670
1606
1603
1688
1659
1632
1829
1597
1647
1683
1639
1615
1643
1666
1645
1648
1656
1637
1627
1663
1662
1680
1694
1634
1620
1671
1673
1703
1658
1611
1850
1672
1605
2040
1623
1676
1660
1657
1986
1841
1701
1616
1640
1677
1607
1679
1700
1871
1689
1625
1610
1646
1667
1704
1708
2036
1885
2080
1902
1942
1726
1998
1955
1928
1767
1709
1937
1957
2025
1970
1887
2001
1733
1833
1838
1961
1729
2103
2077
2078
1921
2088
1985
1950
1912
1869
2028
1946
1826
1736
2058
1596
1980
1782
1914
1599
1768
1595
1991
2069
1854
1996
2098
1890
2041
1997
1907
2133
1779
1695
2127
1756
1816
1773
2014
1762
1730
2038
1930
1994
1953
1814
1719
1977
1728
1979
1849
1790
1943
1856
2100
1925
1721
1771
1895
1705
2095
2046
2072
1731
2003
1897
1800
1966
1624
1724
1880
2087
1817
1795
1847
1835
1805
1868
1757
1900
1742
2051
1674
1965
1908
1815
1945
1834
2092
1747
2000
2104
1988
1845
1635
1987
1769
1748
2023
2006
1797
1796
1877
1975
2053
2091
2029
1888
2021
1774
1904
2015
1758
1819
2096
1910
1932
2034
1600
1772
1786
1823
1808
1891
1862
1761
1860
1821
2002
1881
1828
2007
1718
1692
1827
2008
2010
1818
2048
1653
1963
1873
1749
2089
1852
2011
1723
1753
1802
1713
2049
2119
1919
1791
1770
1883
1801
1993
1999
1804
1896
1842
1745
1778
1960
2056
1947
1949
1711
1954
2134
2183
2297
2394
2302
2449
2502
2474
2429
2292
2421
2150
2399
2319
2190
2227
2272
2284
2393
2156
2334
2313
2240
2140
2359
2170
2415
2307
2201
2278
2268
2169
2350
2168
2342
2413
2477
2286
2173
2263
2260
2360
2354
2311
2279
2316
2494
2426
2270
2486
2223
2347
2310
2363
2386
2255
2414
2146
2294
2391
2221
2437
2187
2438
2232
2154
2282
2196
2244
2375
2485
2423
2456
2252
2453
2300
2207
2390
2321
2188
2212
2301
2217
2458
2352
2304
2163
2355
2403
2398
2269
2139
2275
2157
2427
2211
2383
2384
2402
2343
2289
2412
2496
2332
2291
2193
2344
2457
2369
1079
2356
2306
2258
2220
2481
2380
2245
2498
2214
2308
2410
2448
2179
2295
2450
2246
2215
2243
2443
2441
2247
2385
2327
2210
2337
2248
2276
2492
2189
2178
2203
2142
2397
2314
2167
2329
2463
2149
2195
2138
2368
2468
2465
2213
2257
2204
2358
2454
2242
2303
2147
2395
2348
2253
2208
2136
2151
2483
2264
2436
2430
2333
2320
2461
2164
2388
2387
2331
2501
2495
2349
2233
2389
2184
2165
2392
2274
2460
2442
2228
2328
2418
2309
2237
2171
2439
2186
2488
2487
2261
2335
2497
2407
2374
2500
2234
2235
2445
2181
2180
2175
2432
2447
2367
2365
2376
2141
2161
2467
2322
2317
2470
2185
2267
2324
2473
2325
2191
2312
2469
2476
2370
2197
2382
2249
2330
2466
2339
2361
2400
2338
2428
2182
2202
2230
2336
2199
2229
2381
2298
2159
2366
2405
2283
2455
2419
2406
2194
2357
2305
2226
2425
2222
2490
2271
2262
2411
2218
2440
2404
2484
2174
2287
2239
2177
2281
2285
2409
2479
2148
2155
2373
2288
2032
1971
1990
1858
1760
1837
1939
2435
2076
1934
1913
2125
1799
1714
1846
1898
1901
1787
1929
1839
1931
1754
1853
2105
2452
2130
2117
2493
2110
2123
2113
2109
2132
1685
1940
2353
2124
2122
2129
2112
1339
2251
2417
1503
1376
1501
1334
1621
1347
1335
1751
1345
1227
1253
1443
1292
2299
2480
1168
2106
1386
1341
2396
1798
1528
1583
1188
1872
1675
1311
1981
1293
1514
1366
1485
2489
1383
2422
1571
1511
1460
1367
1218
1358
1755
1321
1781
1594
1459
1271
1258
1354
1221
2200
2065
2219
2162
1585
2009
1504
2099
1484
2063
2250
1404
2434
1264
2351
1477
1882
1303
1403
2042
1393
1356
1506
1561
1380
1315
1765
2266
1382
1530
2315
1698
1281
1527
2241
1439
1240
1510
1549
1396
1669
1313
1604
2472
1532
1231
2086
1992
1412
2254
1228
2144
1775
1298
2005
1440
1241
1310
1257
1217
1879
1652
1507
1478
2071
1548
1216
1317
1184
1508
1717
2408
2341
1465
1197
1332
1584
1299
2094
1178
1319
1187
2464
1266
1261
1301
1176
2160
1468
1546
1267
2499
1225
2137
1395
2346
1664
2037
1454
1204
1432
2020
1378
1936
2225
1642
2446
1237
1444
1351
1446
1357
1651
2420
1558
1715
1857
1725
1482
1291
1190
2090
1385
1419
1539
1732
1413
1889
1425
1428
1223
1706
2111
1296
1294
1497
1535
1411
1534
2079
2054
2424
1195
1407
1183
1456
1744
2052
1259
1300
1370
1222
2075
1323
1371
1230
1452
1619
1423
1326
1476
1391
1189
1418
1472
2026
1179
1486
1513
1316
1342
1487
1349
1568
1496
1344
1471
1254
2012
1525
1350
2259
1372
1922
1825
2459
2216
1521
1239
1361
2318
1275
1364
1876
2068
1387
1580
1474
1405
1295
1280
1550
2326
1196
1587
1277
1427
1304
2057
1836
1290
1533
1722
1302
1288
2172
1243
1191
1983
1369
1172
1193
1447
2018
2364
1690
1174
1375
1469
1289
1320
1959
1379
1523
1480
1972
1438
1493
1944
1738
2061
1262
1631
1192
2345
2379
2444
1562
2224
1233
1333
1556
2107
2378
2401
1479
1309
2371
1263
1948
1968
2121
1492
1463
1276
2273
1328
1235
2433
1417
2265
1811
1283
1219
2323
1256
2377
2231
1314
2280
1034
1614
1068
1720
1207
1831
1286
1014
2471
2198
1111
1920
1073
1075
1058
1020
1424
2431
1035
2491
1060
1031
1926
1154
1049
2205
2059
2166
2145
1133
1630
2070
1415
1136
1105
2135
1247
1526
1103
2416
1065
1086
1022
1151
1145
1093
1061
1112
1363
1118
1641
1958
2192
2478
2209
1840
1574
1081
1040
1592
1205
1682
2238
1102
1110
1120
1307
1794
2236
1766
1186
1013
1114
1743
1026
1099
1017
1077
1139
2293
2340
1124
2256
1213
1028
2152
1517
1038
1070
1702
1071
1457
2024
2158
1201
1117
1750
1098
1893
1144
1095
1806
1078
1088
1810
1039
1431
1084
1051
1125
1780
1531
2451
2044
1127
2081
1633
1155
1389
1027
1279
1982
1537
1489
2143
2027
1044
1712
1305
2372
1048
2031
1392
2114
2482
1025
1764
2206
2153
1142
1202
1149
1500
1792
2050
1085
1894
1036
1152
1636
1029
1581
1598
1050
1129
1555
1878
1055
1089
1057
1091
1137
2503
2528
2563
2868
3103
2991
3214
3114
2767
2817
2521
2608
3008
2580
3129
3116
3084
3260
3052
3234
2690
3112
2651
2918
2536
3209
2836
2850
3186
3238
3022
2554
3156
2797
3287
3036
3230
3065
3289
2748
3135
3293
2747
3294
2663
2572
2586
2761
2915
2581
2556
2847
2739
2893
3190
2681
3224
2823
2726
2617
3051
3064
2965
2796
3123
2854
2986
2959
2565
2799
3143
2725
2933
2962
2642
2631
2963
3006
2900
3121
2630
3158
2898
3266
2625
2717
2710
3198
3273
3169
2783
2729
2740
3280
3184
2902
3125
3086
2862
2861
2951
3221
3003
2713
2930
3019
3030
2812
2806
2905
3032
3194
2985
2944
3031
2691
3131
2924
3272
3007
2853
3020
3017
2763
3094
2535
3146
2956
3085
3256
3275
3108
2982
2669
3015
2679
2790
3162
2929
2950
2968
3034
2906
3170
2699
2896
2904
2727
2569
2752
2997
3228
3028
2553
2973
2760
3196
2949
2998
2989
2892
3082
2674
3095
3021
3174
2909
3200
2988
2908
2934
2917
2987
2999
2903
2920
2992
3039
2610
2559
2542
2860
2758
2692
3073
3133
2668
3045
3126
2523
3278
2567
2634
3124
2937
3151
3247
2540
3053
2755
2538
3268
2616
3128
3115
3096
3216
2901
3058
2897
3245
3195
2743
2936
2661
2524
3042
3171
2966
3097
2916
2994
3255
3213
3059
2605
2791
3269
3187
2638
3226
2602
2899
3253
2532
2676
3056
2792
3122
3120
2619
3062
2923
3177
3257
3227
3152
3137
3175
2636
2885
2705
2598
2733
2855
2931
3235
3048
3296
2880
3246
3132
2809
3145
2925
3233
2884
3299
3279
3012
3165
3286
3281
2919
2757
2974
3264
3297
3201
2632
3161
3219
2654
3167
3277
3068
3092
2627
3267
3282
2927
2995
3147
2844
3154
3189
3199
2511
3043
2841
2579
3127
2781
2814
3251
3148
2807
3248
2732
2895
2975
2531
3192
3291
2649
2957
3011
2749
3203
2641
3118
3172
2742
2624
2534
2593
2961
2513
2518
3265
3041
2587
2926
2980
2539
3093
3298
2801
2515
2958
3066
2633
2872
2626
3193
3244
2505
2613
2707
3292
2698
2570
2571
2874
2877
3099
2561
2803
3054
2533
3072
2720
2667
2856
2771
2911
3284
3191
3047
2703
2867
2941
2650
2774
2685
3300
3374
3335
3358
3395
3497
3489
3552
3476
3500
3425
3471
3394
3531
3432
3408
3543
3325
3347
3479
3414
3413
3639
3415
3397
3438
3549
3512
3411
3469
3491
3499
3322
3528
3379
3494
3405
3453
3535
3386
3401
3351
3445
3373
3380
3420
3465
3475
3317
3518
3522
3483
3485
3306
3403
3493
3354
3375
3520
3440
3360
3538
3458
3402
3315
3416
3410
3446
3698
3796
3766
3740
3721
3708
3800
3767
3725
3744
3719
3773
3776
3781
3705
3782
3795
3783
3787
3840
3706
3821
3775
3815
3768
3761
3809
3716
3762
3791
3813
3814
3751
3792
3820
3701
3727
3736
3712
3793
3779
3723
3797
3798
3826
3790
3747
3832
3806
3786
3812
3841
3851
3843
3850
3846
3849
3845
3847
3848
3842
3774
3746
3794
3756
3803
3833
3837
3810
3836
3784
3730
3811
3788
3785
3728
3759
3707
3750
3778
3745
3801
3789
3765
3805
3823
3729
3699
3816
3822
3829
3799
3834
3752
3839
3817
3780
3722
3735
3703
3700
3734
3824
3758
3743
3753
3777
3838
3763
3713
3709
3807
3757
3738
3737
3835
3710
3368
3439
3363
3320
3502
3482
3532
3524
3548
3352
3462
3399
3537
3345
3533
3463
3367
3481
3362
3804
3760
3702
3327
3635
3383
3464
3387
3517
3487
3523
3308
3324
3484
3550
3509
3507
3451
3452
3319
3361
3450
3754
3498
3396
3435
3349
3541
3350
3515
3376
3381
3370
3470
3341
3392
3449
3501
3393
3511
3427
3301
3444
3423
3612
3488
3334
3692
3357
3406
3742
3331
3715
3338
3407
3339
3539
3342
3430
3472
3304
3534
3486
3544
3448
3356
3477
3561
3422
3400
3461
3404
3303
3526
3346
3510
3508
3442
3521
3426
3336
3431
3516
3504
3468
3443
3418
3454
3366
3398
3377
3441
3348
3433
3632
3382
3506
3480
3385
3519
3478
3676
3492
3409
3818
3378
3388
3540
3530
3329
3459
3686
3545
3429
3460
3436
3593
3372
3467
3527
3559
3563
3655
3557
3691
3617
3665
3616
3637
3623
3643
3687
3572
3658
3625
3573
3384
3696
3678
3648
3600
3644
3608
3571
3628
3695
3606
3601
3621
3614
3802
3615
3618
3646
3669
3579
3594
3598
3685
3564
3569
3620
3649
3640
3580
3661
3682
3604
3565
3610
3654
3675
3718
3667
3583
3567
3717
3595
3626
3588
3697
3577
3629
3688
3670
3574
3353
3474
3586
3674
3664
3636
3650
3592
3681
3679
3647
3562
3613
3587
3659
3680
3611
3684
3677
3641
3603
3355
3631
3633
3656
3609
3566
3711
3582
3693
3726
3634
3560
3578
3568
3653
3672
3657
3551
3619
3663
3662
3630
3627
3689
3599
3589
3318
3596
3714
3305
3547
3513
3546
3310
3496
3314
3437
3391
3575
3466
3364
3769
3556
3326
3309
3645
3514
3312
3307
3323
3529
3764
3311
3340
3495
3558
3428
3369
3525
3590
2562
2712
3733
3136
2845
2943
2870
2858
2723
2800
3771
2652
2718
2938
3111
2629
2722
3602
2684
2821
2745
3001
2759
3027
2939
3605
3365
2948
3828
2582
2520
2889
3302
3081
3505
2825
2984
2810
3673
2589
3119
3067
3100
2837
2584
2819
3140
3107
2954
2689
3330
2842
2735
3343
2519
2772
3089
3720
2716
2851
3046
2640
3359
3262
2612
3205
3178
2686
2820
3581
2971
2647
2504
3328
2766
2831
2993
3005
2639
3232
2967
3332
2724
2881
2577
3077
2547
2568
3083
2843
2780
3694
2741
2678
2530
2715
2764
2826
2795
2876
2816
2506
2863
2875
2756
3188
3455
3181
3070
2611
3542
2590
3217
3144
2864
2645
2883
2824
3690
2945
3212
2541
3013
2793
3390
2782
3554
2955
3424
2977
3652
2677
3263
2866
2709
2778
3037
2660
2601
3142
2576
3259
2913
2548
2615
2588
2849
2522
3026
2670
3447
3106
2750
3149
3025
3090
2700
3134
2585
3371
2768
3176
2695
2786
3597
2525
3624
3069
2693
2833
3731
2804
3009
3155
2555
2848
2728
3732
2779
2544
2537
2981
3772
2702
2789
2659
2603
2682
2887
2996
3638
3166
2672
2976
2721
2719
2964
2914
2648
2805
2775
2514
3061
2754
2969
2673
3207
2808
3236
3033
3819
3159
2829
2928
2784
2551
3252
2600
3417
3215
2558
2886
2890
2922
2838
2552
2788
2857
3183
2646
2510
2753
2706
2990
2869
2516
3576
2657
2594
3164
2564
2575
2680
2912
2583
3584
2574
3830
2773
2802
2828
3101
2664
2746
2846
2662
2543
3197
2573
2970
2606
3261
3239
2888
2834
2859
2566
2656
2871
3088
2697
2785
2839
3139
2738
2666
2546
3225
2811
2832
3844
2644
2879
3457
2708
3160
3000
2635
2776
2907
2687
3168
3110
3553
2891
2628
3220
3412
3080
3419
3223
2921
2671
3243
3163
2714
2637
3105
3173
2798
3138
2744
2978
3018
3218
2621
3473
3229
3290
3389
3503
3254
2509
3050
3237
2770
2591
3153
3023
2643
3313
3316
3104
3185
3288
2545
3210
2960
3651
2658
3157
2618
3180
2597
2894
2940
3285
3666
2794
3704
3585
3150
2557
3024
2517
2769
3002
2751
3852
4481
4451
4372
4112
4314
4495
4081
4468
4173
4477
4478
3869
4253
4486
4480
4460
4102
4180
4269
4464
4377
4462
4488
4466
4484
4449
3900
4331
4086
4384
4422
4479
4210
4491
4317
4459
4473
4447
4489
4456
4032
4494
4452
4223
4207
4472
4475
4476
4471
4474
4469
4498
4454
4453
4216
4085
4497
4300
4437
4228
4093
4232
3998
4160
3883
4212
4179
4280
4199
4258
4233
4326
4181
4152
4146
4297
4286
4153
4142
4235
4172
4182
3922
4220
4149
4139
4307
4311
4329
4441
4078
4165
4318
4221
4156
4134
4168
4205
4158
4132
4163
4251
4137
4161
4195
3977
4292
4324
4238
4248
4133
4256
4224
4279
3948
4215
4202
4289
4154
4236
4254
4264
4191
4213
4290
4150
4259
3897
4147
4226
4267
4321
4323
4203
4141
4268
4237
4309
4315
4330
3888
4310
4151
4231
4177
4281
4200
4438
4048
4240
4270
4244
4174
4178
4273
4247
4209
4185
4234
4283
3876
4171
4148
4332
4430
4404
4431
4387
4417
4000
4419
3990
4414
4060
4425
4427
4424
4435
4436
4360
4397
4345
4405
4293
4407
4355
4467
4347
4334
4406
3974
4389
4214
4410
4188
4418
4375
4170
4017
4434
4378
3993
4242
4342
4057
4374
4351
4046
4428
4388
4362
4193
4344
4333
4368
4358
4403
4379
3939
4409
4343
4350
4164
4275
4364
4382
4394
4440
4353
4341
4354
4413
4336
4338
4369
4106
4348
4294
4450
4492
4096
4357
4390
4356
4485
4402
4385
4416
4285
4443
4442
4432
4423
4365
4144
4274
4313
4298
4239
4169
4246
4319
3999
4045
4002
4352
4012
4043
3991
4121
4022
4052
4393
4020
4039
4340
4026
4047
4035
4167
3996
4028
4328
4024
4029
4072
3942
4044
4392
4426
4094
3987
3934
4367
4194
4054
4038
4395
4461
4211
4059
4120
4064
4305
4075
4126
4339
4084
4082
4095
4396
4113
3992
4100
4101
4119
4128
4090
4222
4105
4125
4070
4074
4076
4062
4055
4115
4010
4063
4277
4189
4129
4079
3989
4230
4040
4068
4065
4117
4109
4077
3909
3879
3906
3857
4296
4098
3969
3874
3878
3864
3903
3880
4089
3918
3949
3898
3959
3894
3902
3933
3961
3873
3860
3865
3889
3901
4136
4373
4159
3964
3895
3914
3890
3863
3899
3866
3859
4206
3936
4499
4561
4518
4521
4526
4576
4551
4577
4503
4501
4548
4574
4558
4553
4509
4544
4541
4505
4570
4523
4557
4507
4545
4550
4547
4512
4514
4530
4560
4571
4579
4531
4508
4520
4573
4529
4525
4549
4559
4556
4527
4564
4504
4539
4569
4528
4562
4552
4510
4567
4568
4522
4515
4511
4517
4502
4538
4532
4506
4572
4555
4524
4513
4500
4543
4566
4575
4533
4534
4542
4535
4540
4578
4580
4787
4794
4796
4781
4780
4788
4792
4798
4790
4784
4782
4783
4793
4624
4639
4712
4666
4729
4762
4628
4601
4714
4723
4718
4581
4659
4717
4746
4750
4698
4620
4645
4621
4672
4637
4653
4713
4689
4743
4656
4631
4694
4696
4611
4765
4719
4603
4701
4721
4684
4594
4688
4596
4658
4600
4632
4702
4593
4754
4711
4759
4685
4674
4618
4747
4609
4635
4677
4582
4669
4679
4638
4710
4707
4704
4587
4665
4690
4691
4680
4708
4700
4745
4657
4597
4619
4585
4692
4668
4755
4584
4615
4744
4681
4607
4682
4757
4737
4602
4733
4651
4634
4647
4734
4753
4630
4760
4652
4766
4767
4771
4773
4772
4774
4769
4697
4622
4670
4606
4654
4756
4655
4732
4675
4736
4764
4661
4738
4595
4751
4728
4614
4709
4612
4722
4591
4583
4642
4627
4649
4605
4741
4599
4742
4726
4604
4586
4703
4664
4678
4663
4590
4758
4695
4636
4727
4671
4739
4629
4640
4650
4643
4768
4588
4662
4716
4641
4617
4706
4625
4598
4648
4667
4660
4644
4761
4749
4616
4705
4626
4673
4683
4592
4776
4778
4777
4779
4589
4791
4795
4775
4801
4748
4786
4800
4797
4693
4789
4799
4785
4516
3915
3944
4363
3853
3954
3887
3923
4725
3956
3858
3886
3917
3911
3972
4554
4155
3981
4196
4399
4381
3905
3932
3910
3973
3937
4724
3920
4676
3916
3871
3925
3962
3855
3856
3875
3985
3984
3955
3891
3931
3951
4763
3877
3896
3912
3924
3861
3930
3970
3980
3952
3968
3893
3935
3870
3929
3966
3854
3862
3884
3982
3946
3958
3927
3950
3919
3967
4325
3904
3979
3913
3975
3940
3941
3892
3965
3908
3928
3947
3945
3960
3868
4496
3978
3867
3971
3921
3881
3976
3943
3938
3953
3983
4140
4097
3986
4006
4111
4104
4116
4383
4058
4088
4327
4071
4122
4408
4127
4130
4107
4118
4087
4646
4536
4608
4123
4103
4439
4610
4124
4050
4114
4056
4061
4069
4083
4007
4049
4005
4208
4008
4036
4034
4004
4157
4376
4003
3988
4025
4023
4371
4245
4415
4009
4019
4080
4400
4730
4011
4021
4458
4401
4051
4013
4470
3994
4131
4204
4229
4145
3907
4278
4320
4135
4276
4346
4250
4192
4067
4143
4260
4218
4241
4042
4262
4249
4299
4014
4138
4217
4027
4162
4197
4272
4219
4255
4252
4361
4633
4263
4227
4306
4337
4284
4316
4302
4322
4287
4190
4198
4303
4175
4304
4391
4265
4308
4176
4349
4033
4444
4483
4802
4930
4850
4956
5407
4950
5044
5559
5345
4856
5545
4921
4898
4961
4849
5019
4875
4826
5087
5080
4889
4866
4882
5088
5211
4953
4927
5084
4975
5046
4817
4883
5528
5049
5012
5072
5071
4831
4876
4816
4870
5102
5209
5632
4892
4957
4974
4891
5032
5569
4887
5252
5085
5079
5157
4926
4842
5548
4937
5217
5053
4931
5155
4910
5073
4985
5042
5024
4948
4990
4963
5091
4808
5107
4847
4810
4897
4906
4884
5606
4971
5036
5025
4982
5191
4841
5203
5488
4901
4954
4936
4997
4952
5291
5293
5480
5437
5266
5170
5485
5324
5197
5343
4858
5275
5290
5438
5525
5354
5489
5595
5250
5607
5380
5307
5628
5326
5419
5514
5493
5398
5463
5406
5405
5516
5577
5318
5319
5542
5402
5446
5472
5608
5401
5424
5487
5605
5433
5246
5530
5428
5520
5287
5322
5408
5517
5294
5449
5278
5456
4880
5271
5518
5426
5210
5616
5347
5298
5378
5256
5220
5195
5593
5212
5434
5050
5370
5274
5358
5460
5238
5555
5562
4965
5475
5417
5239
5097
5466
5526
5486
4843
5196
5413
4899
5334
5614
5403
5418
5280
5396
5225
5090
5321
5277
5227
5243
5387
5365
5374
5477
5391
5381
5360
5232
5524
5544
5216
5534
5202
5467
5436
5284
5553
5346
5213
5229
5425
5427
5208
5369
5206
5253
5484
5572
5242
5268
5230
5228
5510
5331
5376
5395
5529
5474
5219
5476
5332
5201
5483
5452
5218
5353
5363
5299
5416
5511
5207
5340
5412
5633
6102
6141
6116
6037
5998
5981
6038
5954
6058
5964
5885
5987
6041
6047
6124
6055
6070
6135
6112
6051
6103
5974
6060
5969
6153
6053
5940
6027
6084
5977
6089
6062
6140
6082
6132
5944
5983
6123
5992
5972
6137
6033
5994
5991
6065
6002
5957
6004
6009
6087
6083
6143
6077
5950
5952
5659
6030
5848
5723
5857
5932
5922
5691
5789
5926
5832
5733
5929
5905
5937
5862
5801
5807
5771
5780
5684
5670
5919
5682
5658
5814
5712
5762
5748
5867
5793
5645
5810
5679
5756
5849
5834
6035
5888
5924
5647
5925
5921
5846
5685
5784
5860
5833
5799
5859
5891
5792
5913
5923
5917
5652
5760
5858
6101
5636
5838
5675
5744
5709
5687
5869
5824
5816
5850
5938
5737
5887
5889
5897
5823
5879
5903
5914
5648
5851
5804
5805
5934
5694
6010
5674
5720
5843
5757
5808
5827
5747
5672
5722
5640
5695
5713
5806
5742
5761
5896
5976
5638
5680
5772
5842
5841
5777
5871
5676
5701
5693
5673
5702
5660
5778
5755
5739
5828
5856
5730
5803
5884
5907
6146
5689
5906
5775
5898
5704
5692
5710
5893
5718
5865
5641
5909
5768
5774
5651
6045
5866
5853
5787
5732
5911
5894
5931
5783
5688
5785
5847
5825
5886
5900
5637
5899
5845
5696
5669
5863
5686
5745
5741
5779
5864
5671
5826
5837
5681
5901
5881
5678
5698
5796
5831
5700
5794
5750
5819
5875
5935
5728
5870
5714
5883
5878
5759
5721
5868
5788
5746
5933
5790
5763
5764
5840
6138
5683
5655
5852
5773
6118
5719
5953
5798
5813
5820
5663
5653
5740
5912
6078
5880
5904
5830
5690
5643
5644
5872
5699
5662
5769
5639
5927
5908
5752
5855
5717
5649
5782
5754
5916
5661
5873
5844
5729
5697
5767
5726
5854
5829
5707
5749
5735
5821
5736
5711
5812
5811
5836
5928
5705
5650
5915
5668
5815
5882
5874
5890
5920
5861
5727
5716
5751
5835
5918
5939
5985
6106
6071
5946
6109
6107
5955
6152
6099
6081
6136
5965
6031
6021
6016
5970
5979
6012
6086
6092
6115
6000
5959
6091
6095
6054
6040
6067
6042
6044
5967
5734
5980
5910
5943
6129
6080
6142
6088
5999
6085
6052
5956
6130
6121
6018
5961
6043
6120
6114
6020
6036
5971
6074
6097
5947
6104
6011
6032
6057
6127
6056
5958
6126
5990
6049
6008
6006
6069
6075
5665
5951
6059
6029
6119
5797
6048
5677
5975
6133
6093
5817
5948
6003
5995
6005
5984
6073
6098
6076
6122
6151
5962
5822
6134
6064
6094
5715
6061
5738
6066
6148
6079
5892
6039
5960
6046
6144
5982
6096
6149
6125
6028
6024
6001
6068
6131
6117
6108
6013
6019
6022
5989
6023
6113
5996
5469
5557
5795
5341
5309
4960
5498
5236
5541
5445
5264
5306
5590
4977
5234
4896
5507
5471
5000
5237
5527
5766
5349
5546
5473
5372
5432
5540
6025
5279
5431
5506
5422
5447
5386
5415
5364
5004
5205
5263
5388
5550
5282
5423
4869
5429
5327
5223
5543
5248
5942
5512
5328
4860
4829
5057
5010
4839
6015
4962
4929
4807
4852
4805
5105
4806
4855
5067
5296
5016
4823
5035
4909
5382
4873
4996
4886
5508
5058
5015
5034
4943
5151
4872
5013
4893
5065
5074
5018
4907
5043
5941
5083
4859
5111
5070
4934
4923
5770
5040
5031
4967
5646
4867
4830
5902
4968
5051
5033
4976
5076
5061
4811
5342
4922
6128
5014
5037
5895
4994
5502
5468
5163
4836
5304
5101
6063
5029
5003
5226
4987
5164
5094
4862
4888
4979
4966
4854
4991
4878
5178
5022
6147
4955
4825
4903
4845
4861
4986
5443
5532
4978
4863
4995
5133
5339
5586
4959
4819
5068
4973
5075
4890
5169
4824
4900
4928
5267
5171
5141
5245
4822
4944
5134
5140
5173
5190
4832
5802
5122
5184
5288
5255
5166
5179
5657
5177
5153
5117
5159
6111
5167
5160
5128
5552
5145
5193
5597
5335
5589
5286
5214
5791
5441
5316
5588
5631
5204
6155
6216
6211
6202
6210
6156
6163
6167
6215
6190
6166
6182
6181
6186
6159
6162
6160
6200
6157
6204
6191
6201
6206
6209
6207
6192
6205
6208
6169
6172
6174
6171
6194
6212
6164
6189
6219
6177
6179
6183
6187
6170
6165
6193
6176
6221
6197
6217
6199
6218
6198
6184
6175
6220
6178
6196
6203
6173
6168
6161
5367
5625
5313
5599
5666
5292
4924
5262
5613
5563
6154
5654
5352
5592
5583
5576
5323
5491
5580
5273
5333
5384
5453
5664
5574
5377
5200
4988
5537
5558
5547
4983
5261
5945
5448
5394
5444
5393
5513
5560
6222
5315
6325
6553
6629
6672
6418
6294
6388
6661
6289
6492
6290
6422
6529
6547
6616
6483
6595
6630
6415
6565
6632
6303
6336
6361
6406
6462
6695
6642
6307
6409
6395
6340
6487
6455
6285
6463
6375
6466
6605
6297
6645
6304
6287
6407
6663
6401
6626
6481
6691
6686
6517
6432
6696
6302
6647
6371
6504
6369
6366
6527
6505
6362
6417
6394
6644
6469
6692
6358
6690
6372
6314
6453
6541
6538
6623
6697
6342
6533
6468
6643
6591
6390
6516
6378
6332
6558
6670
6655
6484
6702
6580
6622
6441
6429
6649
6534
6604
6299
6428
6687
6423
6319
6561
6485
6581
6685
6465
6651
6627
6359
6507
6446
6381
6570
6473
6308
6398
6562
6352
6480
6584
6705
6357
6568
6393
6624
6639
6313
6305
6389
6542
6620
6706
6343
6442
6460
6476
6587
6360
6387
6405
6477
6296
6419
6449
6451
6592
6471
6431
6427
6323
6602
6300
6293
6689
6579
6613
6569
6566
6411
6489
6478
6583
6648
6683
6354
6421
6322
6525
6500
6513
6679
6438
6452
6356
6674
6310
6588
6607
6324
6365
6298
6559
6609
6334
6549
6656
6508
6548
6530
6437
6662
6614
6668
6526
6664
6680
6502
6625
6615
6292
2701
6653
6399
6659
6416
6543
6660
6694
6618
6456
6509
6578
6699
6497
6633
6631
6316
6376
6552
6646
6666
6545
6654
6707
6474
6436
6341
6611
6410
6440
6499
6669
6457
6317
6597
6617
6318
6640
6621
6426
6682
6599
6397
6634
6635
6448
6373
6494
6370
6315
6577
6330
6698
6603
6351
6519
6590
6610
6554
6585
6503
6544
6700
6321
6677
6536
6638
6556
6400
6444
6564
6396
6684
6676
6598
6535
6403
6567
6329
6673
6311
6510
6531
6479
6667
6377
6445
6589
6312
6309
6550
6576
6573
6291
6425
6704
6637
6339
6612
6681
6380
6688
6328
6374
6333
6383
6338
6461
6295
6506
6414
6486
6650
6439
6560
6523
6551
6386
6596
6593
6413
6346
6693
6382
6652
6435
6557
6658
6454
6636
6600
6563
6391
6306
6641
6404
6408
6606
6347
6514
6344
6671
6367
6379
5390
6248
6280
6433
6574
6282
6233
6237
6270
6254
6240
6231
6260
6223
6279
6238
6242
6249
6273
6267
6493
6247
6226
6252
6268
6264
6229
6253
6263
6236
6244
6275
6235
6277
6363
6265
6266
6278
6256
6255
6262
6243
6272
6258
6234
6261
6228
6269
6257
6281
6274
6225
6608
6353
6230
6276
6271
6250
6232
6227
6283
6286
6586
6501
6490
6320
6326
6430
6337
6458
6327
6251
6288
6402
6420
6511
6675
6467
6521
6384
6518
5366
5385
5581
5601
5536
5602
5578
5481
5504
5753
5310
5564
5459
5596
5620
5535
5765
5561
5272
5621
5591
5311
5758
5724
6619
5258
5350
5585
5603
5566
5626
5617
5609
6050
5587
5305
5622
5618
5221
5579
5567
6572
5045
5615
5231
6495
5610
5451
6678
5575
5565
5568
5571
5930
5329
5612
5314
5667
6515
5233
5308
5570
6496
5604
5283
5492
5440
5056
5479
5356
5320
5312
5554
5254
5399
5464
5411
5337
5454
5136
6482
5295
5064
5240
5501
5260
5368
5222
5336
5375
4945
5490
5465
5499
5362
5549
5224
5478
5457
5270
5215
5338
5731
5325
5839
5656
5470
5235
5539
5450
5249
6145
5397
5973
5297
5404
5060
4932
5244
5199
6488
5355
5538
5624
5435
5077
5509
5556
5455
5627
5194
5522
5359
6350
5496
5383
5188
5152
5108
5348
4809
5442
5112
5186
6368
5174
5126
5103
5100
5161
5104
5462
6512
5966
5114
5303
5119
4917
5132
4868
5150
6214
5142
5135
5187
6555
5183
5165
5007
5172
5257
5531
5289
4989
5158
5176
5106
5143
5121
5192
4958
5175
5148
5584
5146
5181
5115
5123
5180
5182
5098
5096
5130
5147
5149
5137
5038
5189
6072
5265
5505
5629
5099
5069
6540
5421
5414
5021
4804
5420
4969
5055
6158
5020
4840
4844
6546
4951
6017
5081
6349
4812
5001
4925
4915
4947
5129
4821
5026
5089
4894
4970
5005
5276
6434
4902
5269
4992
5515
6708
6539
5162
5017
4999
6443
4916
5521
6034
4920
6665
5642
5124
4981
4877
4941
4851
4865
5500
4835
5198
4942
5371
4881
4935
4833
4913
6703
4904
4993
4964
4813
6424
5495
5028
5023
5582
5988
5400
5986
6470
4905
5030
4998
5062
4984
4879
6180
4940
5611
5389
5092
5006
4846
5127
6537
5009
4838
4818
5573
6459
4911
6105
5168
5047
5063
5059
5351
5251
5185
5600
5497
4939
5968
4949
5048
5008
4814
4837
4908
4938
5963
6520
4885
5154
4919
4820
4834
4946
5623
5011
5052
4912
4803
5110
5949
6447
4815
4933
5039
5116
5997
4980
5344
4827
4853
6498
5138
4857
5113
5109
5630
5285
6601
4874
4848
5809
5519
5086
6245
4871
4099
4183
4257
4448
3885
4066
4429
4295
4166
4108
4261
5458
3963
4312
4073
4359
5281
4288
4493
6259
4398
6007
5439
6657
4266
4001
4041
6575
4201
4271
4465
4455
3882
6100
4037
4490
4031
4446
4366
5877
4487
5533
4092
6224
4457
4864
4420
5430
6392
4445
4463
2818
3957
4731
4770
2972
4972
3202
5066
3739
4225
4016
3044
4918
3060
2932
2762
2835
6241
5259
4699
5818
4565
3098
5302
5027
4030
3926
2765
2696
3117
4411
4243
5120
3182
5357
6491
6571
2512
2840
3055
4752
5594
4519
3295
3249
3010
2947
6528
3231
4914
5300
4482
3079
3130
2882
3997
4386
3242
6348
2596
2935
3337
5118
6026
5041
3222
3434
3283
3208
2607
3555
2873
5800
3076
3078
6628
3004
4110
3040
6701
4546
3016
3091
3270
2508
5781
5703
5461
2865
2622
3591
5786
4091
4184
5482
2560
5082
3274
3075
3995
2942
3204
3049
2683
4720
4291
3344
5523
3206
3825
4187
3668
5876
4623
6284
2609
4563
4301
2822
2665
2688
4370
3141
2655
2595
3607
3057
3642
3770
2614
5093
6594
3240
2953
4828
6301
6014
6472
3109
3071
3241
3087
3421
3683
3102
4686
2952
5551
6239
4715
4433
2787
6213
2529
3671
2827
2704
6139
3333
2527
2731
2813
5379
2526
6110
3035
5078
6355
2549
5361
2734
6522
6364
6188
5392
6150
2653
4537
2878
3321
4687
3490
3211
3074
5301
4053
5144
4015
3741
5708
5330
2711
2979
6195
3250
3570
4018
2830
5095
3749
4412
3063
3660
2694
6532
3276
5619
5247
5776
2550
3536
6345
2815
2507
2737
2599
4421
5978
6335
5131
3014
5706
3029
6246
3271
2736
6582
2675
2620
6412
5241
5634
2623
6331
3808
2592
2578
6709
6868
6738
6924
6783
6829
6764
6790
6734
6890
6810
6906
6727
6813
6845
6899
6905
6730
6750
6866
6913
6912
6867
6895
6839
6771
6726
6718
6877
6717
6865
6815
6893
6768
6873
6767
6772
6712
6914
6900
6724
6921
6856
6757
6765
6769
6736
6773
6798
6766
6782
6753
6735
6800
6777
6748
6760
6716
6776
6911
6894
6746
6780
6901
6897
6744
6740
6733
6909
6774
6918
6725
6883
6759
6756
6739
6915
6770
6745
6754
6779
6728
6775
6729
6916
6787
6781
6903
6823
6875
6888
6741
6896
6818
6763
6824
6814
6861
6827
6801
6891
6855
6846
6794
6804
6832
6843
6882
6885
6887
6854
6847
6723
6761
6920
6719
6713
6752
6788
6751
6737
6806
6789
6922
6838
6826
6778
6732
6910
6892
6908
6711
6864
6822
6743
6898
6919
6749
6755
6795
6819
6834
6907
6923
6820
6710
6889
6762
6841
6902
6758
6904
6722
6917
6925
6811
6848
6874
6857
6849
6872
6881
6858
6886
6862
6878
6870
6715
6852
6850
6863
6851
6808
6869
6844
6876
6880
6884
6853
6859
6786
6731
6812
6833
6807
6797
6825
6803
6799
6831
6842
6785
6805
6792
6835
6796
6742
6828
6791
6714
6837
6793
6817
6802
6871
6830
6821
6816
6720
6747
6860
6836
6879
4895
867
3872
5725
2462
46
5936
5054
6090
450
2362
5156
6450
2073
3748
765
6784
5993
844
5409
2777
3456
5317
2296
1499
5635
135
4735
6524
3038
1054
444
5494
1916
3755
2983
194
6721
3113
4740
2730
785
1759
1617
2852
3724
3831
2013
2475
155
4613
2910
260
103
3179
4380
6185
5410
5125
379
4186
1448
1974
6475
2176
5598
4335
3622
2290
6464
6840
3258
2604
2277
5743
3827
6809
4282
6385
2946
28
5002
1973
767
1820
5139
5503
5373
6926
7648
7702
7538
7713
7679
7710
7414
7370
7338
7486
7683
7438
7312
7408
7534
7420
7629
7650
7444
7321
7325
7701
7357
7565
7533
7567
7755
7639
7647
7373
7506
7426
7344
7553
7405
7337
7383
7413
7372
7537
7421
7494
7626
7330
7591
7353
7620
7745
7356
7666
7709
7366
7398
7495
7561
7382
7470
7347
7708
7375
7644
7427
7652
7359
7320
7556
7610
7616
7318
7753
7451
7394
7601
7729
7630
7324
7544
7481
7422
7390
7410
7447
7409
7749
7378
7460
7699
7660
7500
7503
7497
7693
7659
7722
7606
7598
7527
7498
7586
7614
7703
7673
7540
7727
7515
7651
7655
7387
7570
7496
7738
7523
7493
7369
7714
7758
7518
7360
7685
7465
7397
7396
7339
7733
7374
7750
7453
7634
7687
7592
7569
7401
7435
7519
7737
7487
7587
7516
7485
7665
7532
7608
7625
7607
7436
7677
7715
7671
7477
7600
7455
7333
7653
7590
7468
7672
7554
7473
7627
7464
7362
7475
7635
7392
7437
7490
7492
7566
7615
7577
7459
7472
7681
7573
7698
7491
7649
7678
7613
7646
7663
7535
7404
7345
7384
7619
7522
7328
7479
7450
7425
7462
7315
7751
7334
7352
7638
7748
7612
7611
7724
7674
7340
7550
7376
7658
7740
7311
7354
7667
7508
7474
7316
7661
7564
7531
7589
7417
7439
7432
7517
7757
7623
7461
7434
7454
7571
7595
7520
7712
7752
7371
7428
7329
7507
7636
7313
7705
7346
7605
7391
7747
7617
7403
7696
7734
7692
7419
7717
7668
7478
7743
7514
7308
7624
7756
7524
7657
7579
7423
7385
7700
7744
7521
7726
7504
7604
7499
7545
7585
7622
7684
7471
7588
7754
7546
7505
7574
7736
7602
7452
7365
7580
7502
7319
7412
7440
7355
7449
7512
7446
7469
7309
7327
7442
7430
7618
7433
7363
7343
7418
7628
7351
7445
7457
7730
7310
7358
7317
7381
7466
7704
7640
7686
7670
7742
7694
7643
7539
7557
7642
7541
7676
7542
7682
7594
7721
7720
7526
7711
7641
7484
7528
7706
7725
7707
7349
7480
7664
7510
7735
7482
7399
7551
7597
7407
7578
7555
7680
7331
7549
7559
7576
7501
7609
7718
7416
7388
7593
7675
7377
7645
7739
7322
7731
7336
7662
7584
7568
7669
7695
7509
7513
7621
7562
7543
7563
7511
7654
7603
7596
7575
7741
7314
7547
7582
7424
7536
7581
7732
7411
7689
7393
7429
7697
7350
7368
7448
7483
7400
7599
7341
7389
7348
7632
7583
7323
7367
7633
7415
7326
7723
7402
7456
7379
7728
7335
7364
7386
7431
7467
7406
7489
7637
7395
7074
7458
7548
7332
7115
7228
7281
7295
7193
7246
7214
7106
7204
7152
7258
7302
7180
7142
7109
7235
7217
7175
7253
7572
7189
6946
7263
7244
7145
7184
7252
7529
7149
7237
7219
7232
7298
7205
7206
7242
7294
7280
7144
7213
7210
7186
7198
7173
7179
7135
7238
7254
7292
7192
7177
7261
7273
7260
7181
7182
7211
7270
7139
7129
7134
7297
7136
7276
7187
7113
7171
7303
7264
7278
7202
7108
7127
7248
7168
7153
7148
7274
7209
7190
7255
7265
7121
7191
7218
7223
7288
7169
7286
7104
7300
7227
7176
7162
7155
7284
7188
7289
7140
7197
7247
7240
7105
7269
7137
7174
7119
7116
7530
7178
7154
7126
7272
7122
7443
7185
7160
7275
7220
7287
7231
7207
7225
7243
7125
7293
7239
7157
7195
7249
7132
7124
7156
7118
7488
6976
7023
6938
7215
6941
7688
6945
7047
6957
7011
6966
7085
7097
7053
6947
7021
7094
6983
6985
7090
7072
7005
7050
7102
7092
7093
7088
7098
7096
7086
7095
6935
7087
6982
7100
7025
6954
7081
7062
7101
7091
7099
7046
7138
7089
6992
7245
6995
6981
7001
7166
7560
7010
7033
6937
7441
6999
7051
7071
6984
7022
6929
7077
6961
6964
7015
6930
7070
7056
7039
7037
7746
7257
7019
7084
6958
7012
6952
6967
7073
7299
6971
6994
6996
6989
6969
6928
7200
7042
7068
7002
6975
7008
6956
7009
7041
7268
7061
7044
7083
6940
7082
7060
7040
6944
6962
6974
6988
6987
6936
6948
6991
6927
7020
7004
6970
7069
6933
7028
7052
6968
7067
7111
7283
6986
7525
7035
7024
6997
7038
7065
6993
6934
6973
6960
7049
6953
7034
7078
7057
6978
7342
6950
7007
7076
7079
7058
6951
7000
6998
6955
6959
6931
7036
6939
7043
6932
7017
7016
7032
7026
7045
6990
7080
7103
7199
7172
6965
7055
7224
7059
7027
7158
7285
7143
7114
7133
7163
6977
7150
7183
6979
7167
7194
7123
7279
7304
7234
7141
7230
7029
7267
7301
7221
7151
7048
7196
7291
7014
7236
7656
7208
7063
7147
7290
7165
7164
7241
7128
7159
7229
7064
7107
7262
7226
7222
7305
7112
7203
7233
7161
7306
7212
7120
6942
7117
7271
7201
6972
7110
7130
7170
7690
7251
6943
7013
7131
7256
7146
7691
7075
7277
7463
7266
7216
7296
7307
7631
7003
6949
7018
7054
7719
7066
7716
7552
7361
7031
7558
6980
7380
7282
7259
7030
7250
7476
7006
6963
7759
8782
8534
7766
8798
8721
7999
9073
9075
9084
8900
8771
7878
8924
8838
7793
8694
8045
8664
7765
7881
7977
9120
7801
8507
8965
8634
8047
7821
8131
8783
8779
8788
8945
8975
8693
7992
7973
9165
8698
7860
8749
8778
8832
8302
8792
8628
8713
7826
8915
9139
7920
8187
8360
8839
8819
8760
8495
8616
8137
8933
7844
8780
8754
7808
9183
8621
8744
7804
8612
8697
8823
8327
8717
8995
8018
8132
7761
8728
8957
9089
8880
8761
8095
8762
9106
7811
8866
8078
8233
8653
7882
8861
8784
8418
8708
8942
8316
8748
8841
7932
8214
8471
8586
8141
8679
9144
8882
8904
8815
8400
8545
8454
8811
7764
8326
9157
9174
8235
7792
8623
8181
8225
7838
7796
9215
8325
9172
7825
8022
8367
8803
8554
8511
8671
7986
8383
8417
8477
8415
8375
8350
8161
8381
8354
8625
8024
8384
9086
8006
7912
8300
8489
8094
8938
8484
7884
8388
8319
8125
8469
8085
8308
8447
8000
8463
8729
8424
8502
8510
7958
8321
7867
8547
9184
7934
8042
8914
8146
8322
8185
8476
8373
8467
8431
8531
8176
8429
8443
7959
8237
8204
8830
8370
8503
9107
8255
8527
7778
8555
8492
8468
8544
8770
8523
8564
8060
8311
7828
8513
8093
8217
8299
7953
8571
9217
8684
8615
8329
8566
8254
8399
8459
8481
8505
7971
7925
8016
8397
8493
8572
8391
8124
8536
8396
8195
7908
8951
8579
9138
7849
8483
8338
8407
8796
8514
8470
8210
8201
8575
8460
8249
8106
9210
8130
8076
8497
8506
8224
9205
8549
8292
8553
8266
8259
8746
8180
8401
8120
8474
8168
7857
8070
8560
8246
8567
8438
7799
8529
8524
8356
7786
7950
9181
8144
8422
8421
7887
8220
8205
8451
8033
9180
8059
8386
8593
8071
8043
8404
8423
8271
7885
8289
8143
8152
7898
8123
9199
8436
8172
8323
8128
8295
7990
7928
8156
8343
8488
8377
8192
8437
8121
8626
8081
8430
7960
8173
8148
7901
7913
8310
8278
8458
8242
8405
7955
8304
8163
8624
8244
7995
7938
8165
8055
8183
8208
8253
8026
7937
8207
8273
8023
8154
9079
8145
8029
8229
8117
8212
7861
7983
8740
7892
8276
8019
7906
8340
8084
9188
8191
8268
7810
7871
9198
8034
8099
8530
8647
8763
7924
8158
8646
8372
8126
8056
7845
8991
8221
8238
7931
8215
7939
8189
8069
7970
8284
7815
8067
8101
8193
8017
8455
8118
7972
8540
7969
8248
7899
9192
8342
7858
7930
7883
7922
8184
7933
8281
9041
8031
8226
8519
8241
8408
8111
9053
7982
7894
8464
8178
8565
8817
8104
8236
8262
7954
8001
8057
8245
8768
8257
8013
8272
8186
8170
8035
7989
8147
8175
7909
8793
8053
8021
8234
8142
7967
8003
7994
7956
9135
7895
8050
8155
8730
8432
8103
8037
8581
9082
8886
8020
8789
8538
8739
8533
8542
8578
7864
9103
8119
7800
8968
8953
7814
8871
8943
9005
8411
8394
9021
9179
8901
9008
9048
9176
7996
8036
7823
9173
7896
8734
9208
9200
9214
8599
8362
8812
7763
8160
7762
7891
7802
8379
7869
7832
8140
8790
8705
8743
8478
7915
9123
8805
7870
7872
8349
7873
8334
8044
8903
9132
8348
7841
7813
8197
8909
8041
9038
7846
9207
7822
8864
7875
8874
8335
8844
9001
8475
8562
8398
7850
8174
9030
8440
7926
9074
8182
8908
8162
8602
7816
7776
8064
8977
7957
8190
8601
8822
8420
8109
8899
9035
7760
8660
8747
8456
9126
9196
7784
7856
8247
7829
8138
9020
7807
9146
7993
8539
8610
8769
7962
7866
8066
8836
8317
7787
8535
8516
7818
7911
8573
7874
7783
8318
7780
7777
8293
8194
8927
8032
7788
8346
8859
7862
8937
8883
7819
8133
7848
8419
9185
8515
7966
9162
8690
7831
7834
8412
7798
7853
8674
7768
7785
8353
8891
9039
8570
8973
8290
8652
8027
8274
7782
8580
8990
9212
9166
8222
9124
8473
9177
9009
7923
8213
7805
7767
8223
8164
9137
8786
7812
7839
9028
7771
8049
8496
7791
8466
8416
8200
8453
8485
8122
8283
8855
8135
9140
9105
7806
8361
7840
8932
8732
8974
8004
8680
9154
8082
9202
8814
8002
8595
8759
8046
8009
8954
9155
8777
8892
9092
8347
9033
8961
8479
9006
9054
8096
8775
8751
8998
9182
9134
8509
9213
9118
8895
8688
9189
8846
9209
9191
8169
9066
8642
8738
9204
9218
8434
8934
9201
9186
9043
9027
8685
8907
8804
8923
8641
8648
8887
8997
7803
8848
8584
8976
8650
9085
8878
8585
8672
8604
8736
8582
8856
8631
8879
8849
9130
8978
8733
8912
8870
8818
8703
8704
7865
8673
8955
8627
9083
8767
9000
8700
8757
8911
8774
9078
8741
9156
8853
9032
8654
9190
8715
8802
9080
9109
9151
9131
8959
8809
8962
9164
8618
9142
8826
9187
9112
9007
8518
8808
9094
9004
9014
8724
9147
8655
9077
9148
8683
7951
8857
8950
8605
8842
8639
9019
9203
8600
8737
9099
8872
8720
9195
9108
8709
7770
9098
8967
8935
9149
8636
8986
8984
8966
9178
8875
8596
8589
8985
9076
8051
9158
9052
9167
8359
8727
8863
9153
8264
9067
9145
8835
9072
9056
9128
9129
8681
8645
9058
8949
9110
8896
9015
7929
9101
8843
9125
8765
8764
8745
9044
9057
8910
9070
8795
9069
9031
9024
9150
9121
8928
8294
8011
8630
9040
8644
8552
9114
8606
8611
8979
9013
8936
9003
8988
8960
8282
8983
8852
8682
8113
9111
8711
8947
9091
8982
8702
8695
9194
8980
8916
8918
7847
8088
8696
7985
7851
8339
8108
8075
8216
8689
8218
8014
8772
8092
8167
7893
8073
8090
9065
7910
8865
8592
8231
7946
8517
8129
7914
7952
8136
8115
8851
8219
7963
7897
8159
7944
8263
8285
8279
8239
9104
7863
8837
8643
8072
8243
8551
8086
9193
8487
8556
8277
8087
8252
9002
8791
8366
7935
8209
8357
7900
8010
8107
8206
8112
8758
8969
8196
9017
9115
8089
7947
7975
8520
8687
8800
8151
7902
8993
7889
8251
7968
9133
7941
8482
8228
8091
8613
8077
8797
7795
8576
8725
8501
7916
8250
8444
9216
8557
7997
8833
8227
8799
8114
8719
8665
8048
8039
8052
8548
8528
7918
8171
8457
8389
8054
8452
8368
8365
8305
8971
8139
8265
7921
7886
8166
7905
8568
7945
8840
8150
8028
8382
8314
7976
8012
8669
8179
8230
8712
8813
8563
8494
7859
8371
8105
8922
8358
8461
8275
9102
7903
8040
7974
9119
8267
8232
8378
8526
7942
8898
8307
7772
8315
7855
7773
7978
8188
8116
7961
7998
8638
8926
8649
8726
7965
8393
8498
8203
8202
9081
7936
8306
8569
9095
8058
8157
8240
8038
8449
8127
8177
8559
8465
7919
7794
9049
9152
7940
8313
8324
9117
8435
8030
8925
8385
8714
8068
8706
8211
8025
8831
8061
8198
8410
8083
8332
8445
8686
7988
7836
8433
8390
8355
9093
8508
8352
8480
7943
8428
8337
8448
7830
8657
7824
8543
8850
9122
8333
7907
7991
8269
8256
9036
8402
8258
8574
8287
8537
8521
8345
8661
8403
8102
7769
8270
7890
8298
7835
8079
8328
8008
8280
8110
9047
8450
8561
7837
8486
7852
7981
8425
9169
7980
8541
8007
8722
8309
8414
8369
8364
8376
7964
8301
8441
8409
8303
8472
8462
9016
8297
8341
8005
8939
8380
8063
8374
8288
8363
8296
8097
8100
8387
8199
8558
8149
7949
8635
8716
9141
8603
9010
8546
8312
8824
8442
9100
8946
8699
8884
8260
9051
8794
7904
9170
8766
8723
8597
8755
9012
8609
9011
7809
8731
8532
8868
8577
8607
8829
7879
8098
9022
8718
8970
8550
8885
8917
7820
8668
8750
8015
8847
8608
8806
8633
8522
8931
8670
8330
8921
8834
8873
8860
8905
8153
8500
9168
7917
8662
8336
9088
7868
8413
8677
9034
8590
7876
8629
8963
8351
8525
8446
7979
8858
9037
8291
7775
8801
8583
8994
7779
8134
7854
9045
8964
9018
8439
8062
7781
7790
8972
8810
8691
7880
8773
7827
8956
8504
8893
8395
7877
7833
7843
8941
9026
7789
9050
8392
9061
8640
9163
8331
8828
8692
8427
7797
8881
8490
9090
8785
8594
8821
9197
9023
8742
8491
8992
9159
8781
8710
9042
8930
9160
8074
9046
8512
9060
8952
8707
8735
8701
8651
8667
8825
8869
9113
8876
8426
9127
8666
8676
8499
8867
8617
9175
8752
8919
8675
8261
8776
8756
9068
8622
8587
8406
8999
8854
8656
9097
9087
8065
9171
8940
8889
8929
8987
8320
8344
8598
9161
8996
8620
9116
8286
9063
9062
8890
8888
7927
8906
8632
7948
8659
9064
8614
8948
8981
8658
8862
7987
8588
8753
7888
7817
8897
9029
7774
8913
8619
8637
8902
8816
9025
8989
9143
9059
7842
7984
8787
8920
8827
8591
8944
8807
9136
8958
9096
8663
9211
8080
8877
8820
9206
9071
8845
9055
8678
8894
9219
9478
9773
9288
9550
9365
9274
9289
9548
9563
9490
9429
9224
9457
9649
9238
9302
9443
9290
9801
9340
9523
9762
9241
9464
9470
9473
9363
9353
9322
9342
9394
9446
9715
9689
9414
9371
9465
9468
9382
9744
9503
9520
9542
9781
9528
9499
9641
9486
9517
9396
9275
9750
9287
9258
9283
9549
9798
9278
9268
9309
9255
9306
9277
9230
9367
9312
9663
9235
9664
9518
9308
9507
9298
9314
9512
9242
9530
9311
9476
9301
9253
9553
9276
9225
9496
9329
9843
9647
9400
9434
9246
9497
9495
9319
9475
9332
9411
9424
9711
9350
9307
9315
9333
9270
9245
9636
9398
9493
9250
9839
9379
9390
9562
9566
9529
9222
9237
9441
9505
9244
9511
9498
9648
9408
9343
9420
9280
9629
9339
9223
9815
9402
9489
9323
9779
9650
9364
9370
9264
9813
9510
9412
9406
9608
9297
9330
9430
9326
9262
9547
9462
9375
9368
9310
9838
9525
9296
9449
9413
9710
9331
9630
9359
9551
9526
9281
9602
9783
9328
9455
9466
9344
9765
9491
9554
9484
9259
9574
9229
9386
9712
9243
9541
9756
9313
9775
9718
9702
9374
9568
9833
9458
9676
9272
9273
9527
9467
9447
9836
9834
9808
9380
9841
9832
9265
9703
9623
9822
9531
9236
9240
9695
9825
9534
9696
9731
9682
9580
9670
9631
9759
9730
9639
9247
9516
9445
9757
9806
9376
9837
9827
9607
9594
9387
9515
9557
9814
9335
9793
9621
9726
9492
9784
9291
9439
9454
9263
9609
9422
9677
9727
9451
9802
9738
9803
9321
9686
9581
9469
9582
9654
9567
9674
9586
9790
9316
9635
9821
9416
9479
9828
9535
9826
9668
9334
9584
9766
9708
9842
9692
9785
9656
9789
9705
9624
9725
9809
9537
9640
9589
9601
9787
9385
9500
9829
9660
9835
9800
9745
9494
9751
9293
9655
9736
9595
9722
9611
9410
9391
9651
9588
9610
9699
9637
9743
9794
9817
9830
9234
9719
9325
9679
9627
9672
9303
9327
9228
9811
9804
9585
9652
9746
9717
9426
9605
9680
9734
9347
9504
9667
9587
9810
9508
9583
9644
9698
9749
9626
9769
9381
9266
9671
9735
9820
9227
9532
9706
9320
9767
9805
9716
9786
9764
9300
9797
9768
9231
9669
9693
9753
9552
9741
9634
9780
9657
9819
9739
9799
9683
9694
9625
9707
9700
9596
9399
9824
9614
9483
9740
9485
9704
9791
9796
9619
9613
9713
9755
9252
9831
9807
9673
9279
9220
9248
9487
9592
9687
9578
9271
9653
9285
9747
9760
9606
9733
9728
9421
9840
9697
9632
9540
9354
9642
9358
9392
9690
9249
9506
9776
9378
9345
9395
9384
9774
9622
9336
9772
9599
9598
9737
9388
9349
9261
9758
9714
9684
9397
9318
9732
9456
9481
9788
9633
9761
9338
9678
9393
9251
9317
9360
9346
9521
9269
9351
9763
9348
9341
9685
9675
9539
9577
9646
9361
9405
9409
9428
9777
9383
9355
9770
9419
9575
9665
9600
9226
9752
9324
9545
9591
9558
9691
9818
9771
9509
9572
9688
9418
9604
9823
9459
9337
9463
9256
9461
9754
9482
9661
9460
9514
9617
9662
9284
9645
9778
9536
9579
9782
9221
9415
9369
9666
9569
9544
9659
9555
9709
9352
9366
9612
9450
9433
9502
9590
9720
9282
9480
9615
9812
9560
9533
9524
9417
9573
9257
9643
9748
9546
9440
9628
9742
9432
9658
9442
9356
9260
9453
9435
9638
9304
9593
9556
9423
9389
9448
9571
9267
9564
9561
9721
9239
9724
9431
9681
9436
9477
9701
9565
9372
9543
9254
9576
9404
9452
9559
9305
9723
9357
9233
9427
9299
9618
9373
9232
9437
9292
9522
9401
9403
9362
9816
9570
9795
9501
9295
9620
9294
9425
9444
9792
9474
9438
9286
9616
9513
9538
9471
9472
9729
9597
9488
9603
9377
9407
9519
9844
9887
9930
9907
9848
9915
9910
9847
9900
9884
9883
9895
9909
9913
9940
9919
9935
9856
9880
9882
9918
9937
9857
9860
9932
9941
9875
9877
9911
9934
9846
9855
9865
9861
9901
9869
9863
9864
9854
9942
9905
9899
9853
9894
9878
9898
9925
9944
9912
9866
9902
9929
9903
9917
9845
9890
9920
9931
9896
9862
9871
9892
9867
9945
9858
9888
9876
9938
9850
9891
9928
9927
9879
9923
9924
9873
9914
9897
9939
9926
9922
9851
9852
9868
9906
9885
9908
9921
9916
9849
9870
9936
9872
9881
9889
9933
9904
9943
9893
9859
9886
9874
9946
9959
9967
9963
9978
9971
9953
9955
9980
9974
9968
9954
9951
9977
9950
9947
9957
9962
9976
9961
9958
9966
9965
9969
9964
9952
9979
9948
9949
9960
9956
9972
9975
9970
9973
9981
9987
9985
9983
9989
9988
9982
9986
9984
9990
9991
9992
9993
9996
9995
9997
9994
9998
9999
10000
